batch_size: 128
lr: 0.00014108486577557087
n_hidden: 152
reg: 0.0010057859532682223
